Рыба №	Опыт №	Проба №	Маршрут
2	4	1	ПОООООИЛКА+КЛЛКШХЦЩЗСТ
2	4	2	ПОООИИООИКА+ДСР
2	4	3	ПОМЛЛКЩЦХХЦЩЗСССЖЛМООИИИИИИИИООИЛЛКШЧЦЩКЛЖССССССЖЛМООИЛЛКА-ШХЦЩЗССЗКЩЦХША+КЛЛИООМЛИГ
2	5	1	ПОММММООМКГ+ЩЦЦЦХША+ШХЦЦХХЦЩГККЗСССТСЗГ+ЩЦХША+ККХЦЦХШККШХЦКЛВЖТСЗКЛВГ-ЗСССТ
2	5	2	НОМКГ-ЩЦХШКЛЛКА-ЧЦЩГ-ССЗЩЦХШККЛБЛИИИИИООМККЛЖТЖЛИЩЩИКА-ДСЕЛКШХЦЩКЛВЖСС
2	5	3	ПОМКЛЖЖЛМООИИИИООИЛЛКДСР
2	6	1	НОФЦГ+ЗССССЖЛККМООИКШХФФФФФФФФФФФФФФФФООИКШХЩЩКЛЛЛЛМООИЛЕЕЛККЛЛИООМЛЖЖЛМООИЛЛИООИИИИИЛЕР
2	6	2	ТЖВЛМООИЛБЕР
2	6	3	ПОФЦГ+ЗСЖЛКЩЦЧШДСЕЛИИЛЛИМКГ+КЛЖТ
2	6	4	ПОФХШДССДШХХША+КЛЛКШХХШДССДШХХХКИИИФЦЩЗСЖЛККККМИИФЦЩЗСЖЛККМИИФЦЩЗСЖЛККЛЛМИКДСЕЛИООФЦЩЗССЗЩЦЦЩЗСЖЛЛЖТ
2	7	1	НОООИККЛЛККЛЛККИИККЛББЛИОООООИКШХЦЩЗССЗЩЦХШКЛЛИООООООИЛЛККЛЕССЕЛИИЛЛИИЛЛИООФЦЩЗСТ
2	7	2	НОФЦЦХШДССДШХЦЩГ+ЩЦЦЩЗСЖЛКЗССЗЩЦЦЦХШДССДККШХФФЦЦХХЦЩКЛЛКГ-ЩЦЦЩКЛЖСЗКЛЛМФХША+ККШХХШДССДШХХКЛЛКДСЕЛИИИИКККДССДДССДФ-ШХХШККДССДШХЦЦФООФХХХХХШДССДШХЦЩЗСТ
2	8	1	НОООМММЛЖЖЛМООММФХШККА-ШШДССДА+ДСЕЛКШХФООМЛЛЛКГ+ККШЦФФЦЩЗСТ
2	8	2	НОМКГ+ККЗСТ
2	8	3	ПОФХХЦЩЗЗЩЦХШДСЕЛКА+ККДССДШХЦКЛЖСЗЗСТЖЛКЩЦФФЦЩГ+КЛЛКГ-Г-ЩЦХШДСЕЛИИИМКГ-ЩЦЦГ-ЗСЖВЛКЗСЖВЛКЗССЗГ-ЗСЖЛМООФША-А-ДССДФ-ШХФООФХША-А-ШХХШДСССР
2	8	4	НОООФХШККШХФФФФЦЩГ+ККЗССЗГ-ЩЦЦЩЗССЗГ-КМООФХШЛЕСДА+ШХХШФ-ДДККШХХША-ККШХФФХШКККЛЛИКШХХКА-ККШХЦЩГ-ЗССЗЩЦХХФООМККЛЖСЗГ-ЩЩЗСТ
2	9	1	ПОМЛВЛККЛЛКГ+ККГ-Г-ЗЗГ-ЗСТ
2	9	2	НОФХША+ШХХШДДА-А-ДСССЕЛИООФЦЩГ+ЩЦЦЩГ-Г-Г-КЛЛКГ-ЗССЗЩЦХШДССДА-ШХЦЩГ-ЗСЖВЛМФФФХШКЛБЛККЛБЕР
2	9	3	НОФФФХХФФХШДССДА+ККА-ДССДККА-ДСССЕЛКА-ШХХШШХЦЩКЛЛКГ+ЗСЖЛКГ-ЗЗГ-ЗССЗЩЦХХЦЩЗСЖВЛЛЖССЖЛКГ-Г-ЩЦХША-ДССДККДСР
2	9	4	ПОФФМЛВЛКЗЗГ+ЗССЗЦЦЗССЗЩЦХХФООФХХЦГ-ЗССЗКЛЖТ
2	10	1	НОФХШКЛЛКШХЦЩЗСЖЛККЛВЛМИИИИИИИИИИИМККЛЖЖЛМИКДССДДСЕЛЛБЛИМЛЛКЗСЖЖЖЛМИИЛЕРРССР
2	10	2	НОФФМКЛЛМИЛЛИМКГ+КЛЛКГ-ЗССЗЗКККЛЖЖЛИИИММИКККДССДКЛБЛИМЛЖСССЗГ-ЩЦЦЦХШДССДА+КЛЕСДА-ККККШХХШГ-КЛЛЛЛЛМИКДСЕЛИООФЩЩГ-ЗСТ
2	10	3	ПОФХША+ККА-ДССДА-ШХЦЩГ+КККЛЛКЗСЖЛМООИЛЛКА-ШХЦЦХША-ШХХХША-А-А-ШХЦЩЗСЖЛЛЖТ
2	11	1	ПОИИИИМЛЛКГ+ККГ-Г-ЗЗККЩЦХШДССДА+А-А-ШХХША-ДДА-ДДА-А-ДССДШХФООМКГ-Г-Г-Г-ЗССЗККГ-ЗСТ
2	11	2	НОИКА+ККДССДА-А-А-А-ДДА-ШХФИКДСЕБЛКА-А-ДСЕЛИМЛЖСЗГ+ЗССЗГ-ЗЗККЗСТ
2	11	3	ПОФЦЩКЛЖСССЗГ-ЩЦХШДСЕЛКА+ШХФФХШККА-ДССДА-ДДА-ШХЦЩГ+КММКГ-ЗЗККЗСЖЛКГ-ЩЦХХФООМЛЛККККЛЛМИЛБУСДКЛЛИООИЛЛИООИКДСЕБЛИМККЛЖССТ
2	12	1	НОООИИИККККЛЛККККЛЛИИЛЛИИЛЕСДА+КККЛЕСДА-А-ШХФООИКА-А-А-А-ДССДККА-ШХЦЩЗЗГ+ЗССЗГ-КЛЖСЗКМИИИКА-ШХХША-А-ДСЕЛИМЛМММИЛЕР
2	12	2	ПОФХША-ДССДА-ШХЦЩЗЗЩЦХША+ШХХША-ДСЕЛИФХХЦЩКЛЖЖЛКГ+КЛЛКГ-ЗССЗЩЦХША-ШХХХФМКККЗССССЗКЛЖССССССССЖВЛКЗССЗГ-ЩЦХХЦЩГ-ЗСЖВЛКЩЦЦЩГ-ЗСССЖЛМООООМЛЛКЗСТ
2	12	3	НОИКА+А-А-ДССДА-ШХФФХША-ДССДА-А-ДДА-ШХЦЩЗССС…Т
2	13	1	НОИКА+ДССДА-ШХФФФХША-ДДШХХХХША-ДДКЛЕССССЕЛИООФФФХХЦЩЗЗГ+ККГ-ЩЦФМЛВОЖТ
2	13	2	НОФХША+ШХХША-А-А-ККДДА-ДС…ЕЛКА-ШХЦЦФФЦЩГ+ШГ-Г-КЛЛКЗСЖЛЛЛЛЛКЩЦХША-А-ШХХША-А-ДССДА-ШХФФЦЩККЩЦХХЦЩККЩЦХША-А-А-ДСЕБЛЛЛИООИКА-ДСЕЛКА-А-ШХЦЦХХЦЩЗЗЩЩГ-ЦХША-ДСССССССР
2	13	3	НОИЛЕСДА+КЛЛККЛЕССР
2	14	1	НОИКДДА+А-А-ДССДА-ДССДА-А-А-ДДА-ДССДА-А-ШХЦЦФФФФХХХША-ШХХША-ДССДА-ДДА-ДДА-ДССДА-ДДА-ШХФФХША-А-ДССДККШША-ДДДССДДСР
2	14	2	НОФФООИКДССДА+ККДССДКА-ШККИИКА-ДСЕЛКА-А-ДСЕЛКШХЦЩЗССЗГ+ККГ-Г-Г-ЗССЗЩЦХША-ДДШХЦЩЗССЗЩЦЦЩКЛЛКГ-ЗССЗКЛЛМИИКА-А-ДСР
2	15	1	ПОФФООФХША+ККА-ШХФФХШДССДА-ШХЦЩГ-КЛЖСЗЗСТ
2	15	2	ПОФХШДССЕЛКДСЕЛКА+ШХХШДССДШХХШККДСЕЛКШХЦЦХХЦЩГ+ККЗСЖВЛЛВЛКГ-ЗССЗКМИКА-ДСЕЛКШХХША-ДСССЕР
2	15	3	НОИЛЕССЕЛКШХЦЩГ+ККГ-ЗССЗГ-ЗССЗГ-Г-ЗССЗГ-ЩЦЦЩКЛВЖСЗГ-ЗСТ
2	16	1	ПОФФООММИКА+ДССДА-ККДССДА-ШХХША-ДССДШХФООИКА-ШШДССДШХЦЩЗССЗГ+КККГ-ЗСЖВЛМИЛЛИММЛВВЖТТСЗГ-ШЦХХЦШЗССЗГ-КЛЖЖЛЛЖТ
2	16	2	НОМКГ+КЛЛКГ-ЩЦХШККДССДШХЦЩГ-ККЗСССССССССЖЛМООИИИИИКА+ШХФИЛЛКДСЕЛККККЛЛИООФХША-ДДА-ШХЦЩЗСТ
2	17	1	НОФФИКА+ДДДДДССДА-ШХФФХШДССССДШХФООМЖТ
2	17	2	НОФХША+ККА-КЛБЛКА-ДССДА-ДДШХЦЩЗСТ
2	17	3	НОФФИКА+ДССДА-КЛЕРРСДА-ККШХЦЩГ+Г-Г-ЩЦХШДССДШХФООФФФЦЩЗСЖВЛККЛЖТТТ
2	17	4	НОФФИКШХФФХША+ККДССДА-ШХХША-ДССДКЛЕССЕЛЛЕР
2	17	5	ПОИМЛЖСЗКЛЖССТ
2	17	6	НОИЛЕСДА+А-ШХФФХШШХЦЩГ+ЩГ-ЗССЗШЦХЦША-ККШХФООМКЩЦЦЩГ-ЗСТ
2	18	1	УОМККЛЖСЗГ+ЗССЗГ-КЛЛКГ-ЗССЗГ-ККГ-ЗССССЗЩЦХША+КЛБЛКА-ДДА-ШХЦЩГ-ЗСЖЛМИИИКА-А-А-ШХХШДССДА-ШХФФЦЦФООМККЛЛКГ-Г-ЗСТ
2	18	2	НОФФФХХЦЦХША+ДДДССДА-КЛЛИИКДСЕЛЛЕССЕЛИИКДССДА-ШХФФФФХША-ШХХША-А-ДССДШХФФФФФИКДДА-ДСССССССР
2	19	1	НОФФИКДССДА+ШХФООИИКА-ДССДДССДХФООФХША-А-ДССДШХХШКДДА-ШХЦЩГ+Г-Г-ЩЦЦЩГ-КЛЖТ
2	19	2	НОФХША+А-ШХХША-ККА-ДССДШХЦЩГ+ЩЦХХЦГ-КЛЖТ
2	19	3	НОФФИЛБЛИМКГ+Г-КЛЛКЗСЖЛЛЖССТ
2	19	4	НОООФЦЩЗСГ+ЩЦХЩА+ККШХЦЩГ-ЩЦХШКЛЕР
2	20	1	НОИИФФООИКА+ДДШХФФМЛЛКГ+ШЦЦШГ-ЗСТ
2	20	2	УОФФИИКА+ДДШХЦЦХША-ШХЦЩГ+ККГ-ЗСТ
2	20	3	НОФХША+ДДА-ККШХЦЩГ+КМИКШХЦЩЗССЗЩЦХША-КЛЕР
2	20	4	ПОФХШККШХЦЦГ+ККГ-ЗССЗЩЦЦЗССССЗЗССЗЩЦЦЗССЗЗСТ
2	22	1	НОИККДДА+А-ДДА-ККА-ШХХШДССДА-А-А-А-А-А-А-ДДССДШХЦЩГ+ЩЦФООИККЛЕР
2	22	2	ПОФФХША+А-ШАФФХША-А-ДССДА-А-А-ШХХШДССДШХХХЦЩЗССЗККГ+ЗССЗЩЦЦЩКЛЖТ
2	22	3	ПУОИКШХЦЩКЛЖЖВЖССССЖЛКЩЦХФФХХХША+ШХЦЦХША-А-А-А-ШХЦЩЗССЗГ+ЗССЗГ-КЛЖЖЛЛЖТ
2	22	4	НОИКА+ДССДШХЦЦХША-ДССДКЛЕСДШХЦГ+ЗЗГ-ЩЦХШККДСР
2	23	1	НОИИИКА+А-ККА-ШХЦЩГ+КЛЖТ
2	23	2	ПОФХХЦЩЗССЗЩЦХША+ШХАЦЦХША-ДССДА-ККДДШХЦЩЗСТ
2	23	3	НОФХША+ШХХША-ДССДШХЦЩКЛЖСЗККЗССЗЩЦХШДДШХЦЩЗССЗГ+ЗСЖЖТ
2	23	4	НОФХША+А-ШХЦЩККГ+ЩЦХШДСР
2	23	5	НОФХШДСЕБЛЛССР
2	23	6	НОИЛЕСДА+ШХЦЦШХЗССЗГ+ЩЦХХХШДСР
2	23	7	ПОООИКА+ККА-ШХЦЦХШДСЕЛИММИККЛЛИМККЛЖТ
2	24	1	НОИКА+ДССДА-ККДССДКЛБЕРРЕЛИООМКГ+ККЩЦХХЦЩКЛЖТ
2	24	2	НОФХША+ДССДА-ДССДШХЦЩГ+Г-ЩЦХША-КЛЕР
2	24	3	ПОФХХЦЩГ+ККГ-ЗССЗГ-ЗССЗЦХШККА+ШХЦЩГ-ЦЗСТ
2	24	4	НОМКГ+Г-ЗСТ
2	24	5	НОМКГ+ЗССЗЩЦХХЦГ-ЗССЗГ-КЛЛККЛЖТ
2	24	6	НОФХЦЩККЗССЗГ+ЗЗЩЦЦЩГ-КККЛЖТ
2	24	7	НОФХША+ШХФМКГ+ККГ-ЩЦХХЦЩЗССЗЩЦХХЦЦХХЦЦХША-КЛЕР
2	25	1	НОИКА+ШХФООИКА-ДСР
2	25	2	ПОФХША+ККШХЦЩГ+ЗССЗКЛЖТ
2	25	3	ПОМКГ+ЗССЗГ-ЗССЗЗСТТЖЛКЩЦХША+ДСР
2	25	4	ПОММИКШХЦЩГ+ЩЦЦККЦХША+ККШХЦЦХША-КЛЕР
2	25	5	НОМКЛЛКГ+ЗСЖЛЛЖССССССТ
2	25	6	ПОФХШККШХЦЦХЦЦХХЦЦХХЦГ+ККЦХХЦГ-ЗСССССССТ
2	25	7	НОИКДССДШХХША+ККШХЦЩГ+КККМЛЖТ
2	26	1	НОФЩЦГ+ЩЦХША+ДСР
2	26	2	НОИКА+ДССДА-ККА-ДСЕИИИМКГ+КЛЖТ
2	26	3	НОИИИКА+ДССДШХЦЩГ+КЛЖТ
2	26	4	НОФХША+ШХЦЩГ+КЛЖТ
2	26	5	ПОМЛЖТТСЗКЛЖТ
2	26	6	НОМКЗСТ
2	26	7	НОМККЛВЛККЛЖТ
2	26	8	НОМКЗСТ
2	27	1	ПОФХША+ШХЦЩГ+Г-Г-ЗСТ
2	27	2	ПОИКШХЦЩГ+ЩЦХША+ШХЦЩКЛЖТ
2	27	3	НОИКДССДА+ДССДА-ШХЦЩЗСТ
2	27	4	ПОФХШШХЦКККЛВЛКЩЦХША+ШХЦЦХШДСР
2	27	5	НОМКЗСССССТ
2	27	6	НОМКЗСТ
2	27	7	НОИКА+ШХЦЩЗСТ
2	27	8	ПОИКДСР
2	27	9	ПОИКА+ШХФФЦЩКЛМООИЛБЛКДССДА-ДСР
2	27	10	НОМЛЖТТСЗГ+ЗССЗГ-ЗСТ
4	5	1	 НОММООФЩЩКЛБЛМООФЦЩККГ+КОЖССТТСССССЗЩЦЦЩЦФООИИИЛЛККЛЕССР
4	5	2	НОФФИМЛЖССЖЛЛЛКЩЦФООФЦЩКЛЖССЖЛЛЛММЛЖССТ
4	5	3	НОИКА+ШХЦЩКЛЛКЩЦХША-ШХЦЩЗСЖЛМИИИКШХХШДССДШХЦЗССЗЦХША+ШХХШКЛЛКШХХШДССДШХХШККДСР
4	6	1	ПУОООООМЛЖСТ
4	6	2	ПОФФФЦЩКЛЖТ
4	6	3	НОФЦЗЗКЛЛКГ-ЩЗСССССЖЛКЗССЗЩЦХХЦЩЦХША+ШХХША-ККШХХШШХЦЩКЛЖСЗКЛЛКЗЗЩЦЦЩЗСЖЛЛЖСЗЩЦЦЦХШДССССДА-ШХХШДДШХЦГ-СТ
4	6	4	НОФХША+ШХЦЩЗСЖЖТ
4	6	5	НОООИИФЦЦЦЩЗСЖЛКЩЦХХЦЗСССЖЛКГ+ЗЗЩЦФФХХФИИИЛЕСДККА-ШХХШДСЕЛКШХЦЩЗЗЩЦЦЗССЗЩЦЦЗЗЦЦЦХША-ККДССДШХХШДСССССР
4	7	1	НОФХША+ШХЦЩККЗССЗГ+ЩЦХХФООИЛКДССДА-ШХЦЩКЛМФЦЩЗССЗККЩЦЦЦХШДССДШХХШДССДШХЦЗСЖЛММЛЛМФХШКЛЕСССДШШДСР
4	7	2	ПОИЛЕСДА+ККШХХШШХЦЩКЛЛМООИЛЕББЛЛЕР
4	8	1	НОФЦЩКЛЖСЗЩЦФФЦЦХША+ШХХШККДСЕББЛЛБЛКШХФФХША-ДССДШХХШДСР
4	8	2	ПОМЛЛМИЛЕСДШХЦЩЗСТ
4	8	3	НОМЛВЛКЗСТ
4	8	4	ПОФФООФХША+ШХХШДДШХХШКККЛЛКДСР
4	8	5	ПОООИКА+КЛЛИИККЛЕСДШХЦЩГ+КЛЛКЩЦФФЦЩГ-ЗСТ
4	8	6	ПОФХХЦЩГ+КЛЛКЩЦХША+КИИКА-А-А-А-ШХХША-ДСЕЛИИИИИИКА-ШХЦЩГ-ККГ-ЗССЗГ-ЗЗГ-ЩЦХХЦЩГ-ЗСТ
4	9	1	НОФФООИЛБЕСДА+ККА-ДССДККА-ДСР
4	9	2	НОФХША+ШХХХХШДСЕЛКА-ДССДА-А-ККА-ДСЕЛКА-ДССДА-А-ДСЕЛКА-ДССДА-А-ШХЦЩГ-ЗССЗЩЦХША-ШХЦЩЗССЗЩЗСЖЛКГ+ККЗЗЩЦХША-ШХЦЩГ-ЗСТТЖЛКГ-ЩЦХХЦЗСТ
4	9	3	НОООФХША+КИФХХЦЗЗКЛЛКГ+ЗСЖЛМФХША-ШХХША-ШХЦКЛЛКГ-ЗССЗЩЦХША-А-А-ШХХША-ДДШХХШДСЕЛКДССДШХЦЗСЖЛКГ-Г-Г-ЗЗЗСЖЛЛЖССТ
4	10	1	ПОФФООФФИЛЛКДСРРСДА+ШХЦЦХХФМКГ+ЩЦХШДДШХЦХШККШХЦЩЗЗЩЦХШДСР
4	10	2	ПОФФФЦЩГ+КЛЛКЗССЗЩЦФМЛЖЖВЖССТ
4	11	1	НОФХША+КИИКА-А-А-ДДА-ШХЦШГ+КМИЛЕСДШХЦЩГ-ККЩЦХША-ККА-ККА-ДДА-А-ШХЦЩГ-ЗСТ
4	11	2	НОФХША+ШХХХЦЩГ+КЛЛКГ-Г-ЗССЗГ-ЩЦХША-ШХЦЩГ-КЛЖСЗГ-КЛЛКККГ-ЗЗЩЦХШДССДА-А-ШХЦЩГ-ЩХШШХЦЩГ-ЗССЗШ-ЩЦХША-ДДШХЦЩЗСТ
4	11	3	НОФХША+ККА-ШХЦЩГ+ККГ-ЗССЗЩЦХША-ККА-ШХЦЩГ-КЛЛКГ-ЗСТТСЗЩЦХХЦЩГ-ЗСТТЖЛКГ-ЗЗГ-ЩЦХХФФЦЩГ-ЗСССССТ
4	12	1	ПОФХША+КЛВЛКШХЦЩГ+Г-ЩЦХХФООМКГ-ЗССЗГ-ЩЦХША-ДСРРР
4	12	2	НОМККЛЛКГ+КЛЛММКЩЦХША+ШХХШККДССДА-ШХЦЩЩЦХША-КЛЛИФЦЩГ-КЛЖССЖЛКЩЦХША-А-ДССДА-ШХЦЩЗССЗЩЦХШКЛЛКДСЕЛКА-ДДА-А-ШХХШДДШХЦЩКЛЖССТ
4	13	1	НОМЛЛКЗССЗЗЗЗСЖЛКА+ШХФООООФХША-ШХЦЩГ-ККЗЗЩЦХША-КЛЛКА-ШХЦЩЗССТ
4	13	2	НОФХША+ШХЦЩГ+ЗЗЩЦХХЦЩЗЗЩЦХША-А-ДСР
4	14	1	НОФХША+ККА-ДСР
4	14	2	ПОФФООИЛБЛКШХЦЩГ+ЗССЗЗЗГ-ЗССЗГ-ЩЦХША+КЛЛИООФХША-ККШХЦЦХША-ШХЦЩГ-ЗССЗГ-ЗЗГ-ЗЗЩЦХШКИООИКА-ШХЦЩГ-ЗССЗЩЦХША-ШХЦЩЗСТ
4	14	3	ПОФХША+ШХХША-ШХЦЩГ+ЩЦХША-А-КИФХХЦГ-Г-ЩЦЦЩГ-ЗССЗКЛЛЖСЗГ-ЗСТ
4	15	1	ПОФХША+КЛБЕССССЕЛЛЕСДА-А-ДССДШХЦЩЗСТ
4	15	2	ПОМКЗСТ
4	15	3	ПОФЦЦФООООИЛБЕСДССДА+ШХЦЦФФХША-А-А-ККА-ДССДА-ШХФООИЛБЕСДА-ШШДСССР
4	16	1	НОФФООФХША+ШХФООММИЛЕЕЛКА-А-А-ШХЦЩГ+Г-Г-Г-Г-КЛЖССЖВЛКГ-Г-ЗЗЩЦХША-ШХЦЗССЗЩЦХША-ШХЦГ-ЗСЖЛКЗЗГ-ЗССЗЩЦХША-ДССДА-ШХЦГ-ЗЗЩЦХША-ДССДШХЦЗССЗЩЦХША-ШХЦЩЗСЖЛКГ-ЩЦХША-А-ШХЦЩЗССЗЩЦХКЛЕР
4	16	2	НОФХШККШХЦЦХШДСЕЛКШХЦЦХШШХЦЦХХЦЩЗССЗГ+ЩЦХХЦЩЗССЗЩЦХША+ДСР
4	16	3	НОФХША+ККА-ШХХШККА-КЛБЛККЛЕР
4	16	4	НОФЦЩГ+ЩЦЦГ-КЛЖСЗЗСТ
4	17	1	ПОООФХША+ШХЦЦФФХША-КЛЛИООФЦЦХХЦЩГ+ЗССЗЦЦЗССЗГ-Г-Г-ЗССЗГ-ЦХШДССДА-А-А-ШХХША-ДСРРЕЛКА-А-А-ДССДА-А-ШХЦЗЗГ-ЗССЗГ-ШЦХХЦЗССЗГ-Г-ЩЦХША-ККДССДА-А-ШХЦЗССЗГ-Г-ЩЦХА-ДССДА-ШХЦЗСТ
4	17	2	НОФХША+ККШХЦЦХША-ШХЦЗЗГ+ЗСЖЛКГ-ЩЦХША-ККА-ШХЦЗССЗЩЦЦЗССЗЦХШДССДШХЦЗССЗЩЦЦЦХШШХЦЗССЗЩЦХША-ДДКЛЕСДА-ДСР
4	18	1	НОМЛЛКГ+Г-Г-ЩЦХШШХЦЩГ-ЗССЗГ-КЛЛКЩЦХША+КЛЛИИИИКДСР
4	18	2	НОФХША+ШХХШККА-ШХЦЗССЗГ-ЩЦХША-ШХЦДДА-ШХЦЗСТ
4	18	3	НОМКГ+ЗССЗГ-ЩЦХША+КЛЛККЛЛИООФХША-А-ККДСР
4	19	1	НОФФИКА+ККА-А-КЛБЛКШХЦЩГ+Г-ЩЦХША-ЦСЖЛМИКА-ЛКДСР
4	19	2	НОФХША+ШХЦЩГ+ЩЦФФЦЩГ-КЛЖССТ
4	19	3	НОФХША+КИФФООФЦЩГ+ККЩЦХША-ШХЦЩФООФЦЩГ-ККГ-Г-Г-ЗСЖЛКГ-ЗСТ
4	19	4	НОФЦЦХША+ККШХЦЩГ+КЛЛМИКДДА-А-КЛДССР
4	20	1	НОФХША+ДСЕБЛКШХЦЦФФЦЩГ+ЗСТ
4	20	2	НОФХША+ШХЦЦХХЦЩГ+ЩЦХШДСР
4	20	3	ПОФХША+А-ШХЦЩГ+КЛЛКЩЦХХЦЩККЩЦХХЦЩГ-ЗСТ
4	20	4	ПОФХША+ШХЦЩГ+КМИШХХШДССДШХЦЩГ+ЗССЗГ-ЩЦХША-ККШХЦЩЗЗЦХША-ДСЕЛЛЕР
4	20	5	НОФЦЩГ+ЗСЖЛМИКА+КЛЕР
4	20	6	ПОФХША+ШХЦЩГ+ККГ-ЩЦХША-ККА-ШХЦЩКЛЖТ
4	21	1	НОФХША+А-ДСЕЛКШХФООФЦЩГ+ЩЦХХЦЩГ-КЛМИЛЕР
4	21	2	ПОФЦЩГ+ЗСТ
4	21	3	ПОФХША+ШХХША-ШХЦЩГ+ЗСТТЖЛКЗСТ
4	21	4	ПОФЦЩГ+ЩЦХША+ШХХШККДССДШХФФХШДСР
4	21	5	НОФФИКШХЦЦЦЩКЛЖТ
4	21	6	НОФХША+ККШХЦГ+ЩЦЦЩГ-КЛЖССТ
4	22	1	НОФИИИКА+ДССДШША-ШША-ШХЦЩГ+КЛЖТ
4	22	2	ПОФХШШХЦЩКЛЛКЩЦХША+ШХЦЩГ+ККГ-ЩЦХШДСР
4	22	3	ПОФЦЩККЩЦХША+ШХЦЩГ+КЛЖТ
4	22	4	ПОФЦЦХША+ШХЦЗССЗЩЦХША+ШХЦЩГ+КЛЛКЩЦХШКЛБЕР
4	22	5	ПОЦЩКМИКДДА+ККШХЦЦХША-КА-А-ДДА-ШХЦКЛЖТ
4	23	1	ПОФХША+ШХЦЩГ+ЗСТ
4	23	2	ПОФФМММКГ+ЩЦХША+ШХЩКММЛЖТ
4	23	3	НОФЦЩГ+ЩЦХША+ШХЦЩЗСТТЖЛЛЖТ
4	23	4	ПОФЦЦХША+А-ККА-А-А-ШХЦЩГ+ЗССЗЩЦХША-ШХГ-ЩЦХША-ШХЦЩГ-ЗССЗЩЦХХЦЩКЛЖТ
4	24	1	НОФХША+ШХЦЦХША-ШХЦЦХШДДШХЦЩЗССЖЛКГ+КЩЦХША-ШХЦЩЗСЛЛЖТ
4	24	2	НОФФИКА+ШХЦЩГ+ЩЦХША-ШХЦКЛЖТ
4	24	3	ПОФХША+ШХХШККДССДККШХЦЦХШКЛЕСДЩХЦЗССЗГ+ЩЦХШКЛЕР
4	24	4	ПОФХША+ШХЦЩГ+ЩЦХШККШХЦЗССЗЩЦХШКККЛЕР
4	24	5	НОФХШШХЦЩЗССЗГ+ЗСЖЛКЩЦХХХША+ШХХША-ДСР
4	24	6	ПОФХША+КИФЦЦХШДСР
4	24	7	ПОФФООФФХША+ДСР
4	24	8	НОФФООМКГ+КМИЛЕССР
4	25	1	НОМЛЛМООИИКА+КИКДССДШХЦЩГ+ККГ-ЩЦШДСР
4	25	2	ПОФЦЩГ+ЩЦХША+ДСР
4	25	3	НОФХША+ККШХЦГ+КЛЖТ
4	25	4	НОММФХША+КЛЛМШХХШДДШХЦЩГ+ЦХДДШШДДШХХШККШХЦЩКЛЖТ
4	25	5	НОФФИККИММММФЦЩКММОФЦЩГ+ЩЦХШКЛЕР
4	26	1	ПОФЦЩГ+ККГ-ЩЦХША+ШХЦЩКМООФХША-КЛЕР
4	26	2	ПОФХШККА+ШХЦЩККЩЦХХЦЗССЗЩЦХШДСР
4	26	3	НОФЦЦХША+КЛЕСДА-А-А-КЛБББЕССР
4	26	4	НОМЛВЖЖЛКГ+ЩЦХША+ДСЕЛЛЕР
4	26	5	НОМККМФЦЩГ+ЩЦХША+КИИКЛЖТ
4	26	6	НОФХХЦЩГ+КЛЛМООЦЩЗССЗКГ-ЩЦХША+КЛЕР
4	26	7	ПОМККММЛЖСЗККЩЦХХЦЩЗСЖЛЛЖТ
5	4	1	НОФХХХША+ККА-ШХЦЩГ+ЗСССССЗЩЦХХФФЦЦЩГ-ККЩЦХХЦЩЗССЗЩЦЦЩЩКЛЖССССССССССЗЩЦХША-КЛБЛКЛЛКЩЦХША-КЛЛКЩЦХША-КЛЛККЛБЛККЛЛККЛЛККЛЕР
5	4	2	НОМММЛКГ+ЩЦФФЦЩЩЦХХЦЩЗЗЩЦХХЦЩЗЗЩЦХША+ККШХЦЩЗЗЩУЦЩЗЗЩЦХХЦЩЗССССССССССЗЩЦЦЩЗЗЩЦЦЩЩЗСССТ
5	5	1	ПОМЛКГ+КЛЛКЗССЗЦФФЦЦФООМММЛЛКЦЦЗЗЦЦКЛЖТ
5	5	2	НОООФЦЦХША+КЛЛКШХЦЩГ+КЛЛКЗСТТССТ
5	5	3	ПОМЛВЛКГ+ЗССЗЦХША+КЛЛКА-КЛЛКЛЛКА-ШХХХЦЦФФФФХХФФЦЦФФХХФФЦЩККЗССССЗККЦХХЦЦХХФФХХФФХШКЛЛКККШХФФЦЩККЗСТ
5	6	1	НОМЛВЛКГ+ЩЩЗСТ
5	6	2	ПОИЛЕРРСССДА+ШХЦЦФООИЛЕССРРСР
5	6	3	ПОМММООФФЦЩГ+ККЗСЖВЛЛЛКЗСТ
5	6	4	НОФФИИЛККЛБЛЛЛЛЛЛЛИИИИИИИИИИИИИФХША+ШШШХЦЦХШДДШХХША-ДСССЕЛИИИИИИИКШХХШДДШХЦЦЦЩГ+КЛЛКЗССЗККГ-ЗСТ
5	7	1	НОФХША+ККШХЦЩГ-КЛВЛЛЛМММООФЦЦЦХША-ДДА-ДСЕЛИИЛЕССЕЕР
5	7	2	НОФХША+ДСЕЛЛЕСДДСССЕЛИИИИИФХХЦЩГ+ЩЩЩЦЦЩКГ-ЗСТ
5	8	1	ПОММООФЦЩКЛЖСЗККЩЦХШБЕССР
5	8	2	НОИИФФМКГ+КЛЖСЗГ-Г-Г-ЩЦХХХША+А-ШХКЛЕСДА-ШХХШКЛБЛКА-ДССДККДССДШХФИКА-ДСР
5	8	3	НОФЦЦХША+ШХХША-А-ДССДШХХШДССДШХЦЩГ+ККЗСТ
5	9	1	НОФЦЩГ+КЛЛЛЛКГ-ЩЦФФХША-ШХЦЩГ-ЩЦХША+ККШХФМЛЖССЖЛМИКДСР
5	9	2	НОФХША+ШХХША-ДССДА-ШХЦЩГ+ЗССЗГ-Г-Г-ШЦХХЦЦХША-А-ШХХШККА-ШХХХШДССДШХЦЗЗГ-ЩЦХША-ШХЦЗСЖЛЛЖСЗККГ-ЩЦХШККДССДА-ШХЦЗССЗЩЦХША-А-А-ДСР
5	10	1	ПОФХША+ККА-А-ДДШХЦЩЗССЗЩЦХШДДШХЦЩГ+КЛЖССТ
5	10	2	НОФХХЦГ+КЛЛЛМФХХЦГ-ЗССЗГ-Г-Г-Г-Г-Г-Г-ЗССЗЩЦХША+ККИМЛЛМООФХШККДСЕЛИМЛЛКККГ-ЗССЗЩЦХШККДШХЦЩЗСТ
5	10	3	НОФФФМИКГ+ЩЦХША+КЛЛКДДШХЦЩЩЦХХЦГ-ЗССЗЩЦХХЦЩГ-Г-ЗЗГ-ЩЦХША-ДСР
5	11	1	НОФФХШДССДШХЦЩГ+ЩЦЦЗСЖЛМФХШДДА+ДСЕЛИММИЛЕЕЛИИКШХЦЩЗССЗКЛЖТ
5	11	2	ПОМКГ+КЛЖСЗКЛЖСЗКМФХША+КЛЕСДККА-А-ДССДА-А-ШХЦЩКЛЖТ
5	12	1	ПОФЦЩГ+ЗССЗЩЦХША+ДСЕЛИООООИЛЛККЛЕСР
5	12	2	НОМММИКШХХШДССДА+ДДККА-ДДШХЦЩЗСЖЛМИКА-ДССДККШХЦЩЩЦХХЦЩГ+КЛЛКШХДСССР
5	13	1	ПОФЦЩГ+ЩЦЦЩГ-КМММООФХШДССДА+ШХФФХША-ШХЦЩГ-ЗСТ
5	13	2	ПОФХША+ШХХША-ДСЕБЛКА-А-А-КЛЛКА-А-А-ШХХШШДЦЩЗЗГ+ЩЦХША-ШХЦЩГ-КЛЖСЗЩЦША-КЛЛКШХЦЩЗСТТЖЛВЛКГ-ЗЗГ-ЩЦХША-ККДСРРСДА-ШХХША-КЛЕР
5	13	3	ПОФЦЩКЛВЛКГ-ЩЦХША+ККШХФИЛЛККЛЕР
5	13	4	НОФЦЦХША+ДССДА-ШХФООФХША-ДССДА-ШХЦЩГ+ЩЦЦЩККГ-ЩЦХХЦЩГ-ЩЦЦЦХХЦЩГ-ЗСТ
5	14	1	ПОФХШККГ+ШХЦЩКЛЛМИЛЕР
5	14	2	НОФХШДДА+КЛЛКККДДШХХШДДШХЦЩГ+ЩЩККЗССЗШЦХШДДШХЩЦЗСЖЛЛВЛКЗЩЦЦЩЗСГ-ЗССЗЦХШШХЦЗССЗЗСССЗЗСТ
5	15	1	НОФХШКЛЕР
5	15	2	ПОФХШДССДА+ДССДШХЦЩЗЗЩЦЦККЩЦХШДСР
5	15	3	НОФЦЩЗССЗГ-КЛЖСЗЦХХЦЗССЗЦХХЦЗССЗЦХША+А-ДССДШШДССДШХЦЗССЗСЖЛЛЖСЗЦХХЦЗССЗЩЦХХЦГ-ЗСЖЛЛЖССССССТ
5	15	4	ПОФХШКИИИИИФЦЩГ+ЗССЗЩЦЦЩЩЦХША-ДССДДССДШХЦЩЩЦХШДССССДШХЦЗССЗЦХШДССДШХЦЗССЗЦХШДССДШХЦЗССЗЦХХЦЗССЗЦХШККШХЦЩЗССЗЩЦХША+КЛЕСДШХХШДССДШХЦЗССЗЦХШДССТ
5	16	1	ПОФХШКИИКШХЦГ+ЗССЗГ-Г-ККЩЗССЗЦХША+ШХХШККДССДШХЦГ-ЗССЗЦХШДССДШХЦЗССЗЦХША-А-ШХХШДДШХЦЗССЗЩЦХША-ШХЦГ-ЗССЗЦХХЦЗССЗЩЦХШДССДШХЦЗССЗЦХШДССДА-А-ШХЦКККЛЖСЗЦХХЦЗСЖЛМФХШХЦЗСТ
5	17	1	НОФХША+ДССДА-ККШХШДССДА-ШХЦЩГ+КЛВЖСЗЗССЗЩЦХША-ДСР
5	17	2	НОФХХФФФФФЦЩГ+ЗССЗКЛЖСЗЩЦЦЩГ-ЗССЗЩЦХХЦЩЗСТ
5	17	3	НОФХШКЛБЛИИИФЦЦЦЩЗССЗЩЦХШДССДДСССР
5	18	1	НОММФХША+ШХХШДСРРЕЛККА-ШХЦЩГ+ККГ-ЗСЖЛЛЖСЗГ-ЩЦХША-ККДССДА-ККДССДЩХЦЩГ-ЗССЗЩЦЦЩЗСТ
5	18	2	НОФХШДСЕЛЛЕСДА-ШХЦЦХШДССДА+ККДССДДДДДШХЦЩГ+ЗССЗЩЦЦЩГ-ЗССЗГ-ЩЦХХЦЩЗЗЗССЗЩЦЦЩГ-ЩЦХХЦЩЗССЗЩЦХША-КИИИИКА-ДССДШХЦЩГ-Г-Г-ЗССЗКККЛЖССТ
5	18	3	НОФЦЩГ+ЩЦХШШХЦЩГ-ЗССЗЩЦХХЦЩЗССЗЩЦХША+ДССДШХЦЩЩЦХШДССДДСР
5	18	4	НОФХШШХЦЩЗССЗЩЦХХЦГ+ЗСЖЛЛЛМИКА+ШХХШКЛЕССР
5	19	1	ПОИКА+А-ДССДШХЦЩГ+ЗСЖЛКЩЦХШККШХЦЩГ-Г-ЗСЖЛМА-ДСР
5	19	2	ПОФХШДССДККА+ШХЦЩГ+ЩЦЦЩЗЗЗЛКЩЦХШДСР
5	19	3	НОФХША+ШХХШКИФЦЩГ+КЛЖСЗЩЦЦЩЗЩЦХХЦЩЗСЖЛЛЖТ
5	19	4	НОФШХА+ДСРРСДДССДШХЦЦХШШХЦЦХШДССССДШХЦЦХШДСР
5	20	1	НОФЦЩГ+КЛВЖТ
5	20	2	НОФХША+ШХЦЩГ+ЗСТ
5	20	3	НОМЛВЖСЗЩЦХША+ШХЦЩГ+ЩЦЦЩГ+ЗСЖЛЛЖСЗЩЦХШДСР
5	20	4	НОФХША+ШХЦЩГ+ЗССССЗЩЦХША-ШХЦЩЗССЗЩЦХШДДШХЦЩКЛЖТ
5	20	5	ПОФХША+ШХЦЩКЛЖСЗЩЦЦЩГ+ЗСТТССТ
5	20	6	НОМКГ+ЗССЗЩЦЦЩЗССССЗЩЦХХЦЩЗСССТ
5	20	7	НОФЦЩГ+ЗССЗЩЦХШШХЦЩЗССЗЩЦХХЦЩЗССЗЩЦХША+А-ШХЦЩГ-КЛЖТ
5	21	1	НОФЦЩГ+Г-ЩЦХШДСР
5	21	2	НОФЦЩГ+ЗЗЩЦХША+ШХЦЩГ-КЛЖТ
5	21	3	НОФХЩА+КИМКЩЦЦЩЗСТ
5	21	4	НОФФФХША+ШХЦЩКЛЛКЗСТТСЗГ+Г-КМООФХШДССДШХЦЩЗССЗЩЦХХЦЦФООФЗСТ
5	21	5	ПОФХЩА+ДССДДСР
5	22	1	НОФХША+ШХХША-КЛЛКА-ДССДА-ШХЦЩГ+КЛЖТ
5	22	2	ПОФФФХША+ШХЦЩКЛЛКЩЦХШДСРРСДА-ДССДШХЦЩГ+ККЩЦЦЩЗСТ
5	22	3	ПОФХША+ШХФФЦЩГ+КЛЖЖЛКЩЦХШДДКЛЕЕЛКШХЦЩЩЦЦЩЗССЗКЛЖТ
5	22	4	НОФХША+ШША-ККШХЦЩКЛЖСЗЩЦХХЦЩЗССЗЩЦХШШШХЦЩКЛЖТ
5	23	1	ПОФХША+ШХХША-КИМКГ+ЩЦФИКДСР
5	23	2	ПОМЛЛКГ+ЩЦХША+ШХЦЩГ-ЗСТ
5	23	3	ПОФФФХША+ШХЦЩКЛЖСЗГ+КЛЖСТ
5	23	4	НОФФООФХША+КИООММММФХШДССДШХЦЩГ+ККЗСТ
5	23	5	НОФЦЩГ+ККЗССЗЩЦХШШХЦЩЗССЗЩЦХША+ШХЦЩЗСТ
5	23	6	НОФХХЦЩКЛЛКЩЦХХЦЩГ+ЩЦХХЦЩЗСССССССССССССТ
5	24	1	НОФЦЩГ+ЩЦХША+ШХЦЩГ-ЗСЖЛЛЖТ
5	24	2	НОФХШДДККШХФООФМММККГ+КМОФХШШХХША+ЗСЖЛЛЖТ
5	24	3	НОФЦЦХША+КЛЕЕЛИИИООМКЩЦХШДСССЕЛИМЛЖТ
5	24	4	НОМККЛЖТ
5	24	5	ПОМКЗССЗГ+ЗСТ
5	24	6	НОФХШКЛЛИМЛЖЖЛМООИЛЕСДА+КЛЕР
5	24	7	ПОММООИКЛЕР
5	24	8	ПОМЛЛКГ+КЛЖТ
5	25	1	НОФХША+ШХЦЩГ+КЛЖТ
5	25	2	ПОФХША+ШХЦЩЗССЗЩЦХШШХЦЩГ+ККЗСТ
5	25	3	НОФШХЦЩГ+КЛЛКЗССЗЩЦХШШХЦЩКЛЖТ
5	25	4	НОФША+ШХХШДСР
5	25	5	НОФЦЩГ+ЗССССЗКЛЖТ
5	25	6	ПОФХША+ШХЦЩЗССЗКЛЛКГ+ЗСТ
5	25	7	ПОФФМКГ+ЗССССЗЩЦХШШХЦЩЗСТ
5	26	1	ПОФХША+ККШХЦЩЗСЖЛКГ+ЩЦХШДСЕЛКА-ШХЩЦКЛЖТ
5	26	2	ПОФХХЦЩГ+ККЩЦХХХШДСР
5	26	3	ПОФМКЗСССЖЛМООИКА+КИМКЗСТ
5	26	4	ПОМКГ+КМИККЛЛИООИИММММИИМКЩЦХША+ШХЦЩЗССЗКЛЖТ
5	26	5	НОИИИЛЕСДДССДШХЦЩГ+ЗСССССТ
5	26	6	НОМЛЖЖЛМИЛЛИМЛЖТ
6	3	1	НОИЛКШХХША+ККШХЦЦЦЩЗССЗГ+КЛЖСССЗЩЦХШДДШХЦЦХШДССССССДШХЦЩЗССЗЩЩЗЗЩЦХШДДШШДССССДШХЦЩЗСССТ
6	3	2	НОИЛКДДШХЦЦХШДДШХЦЦХШДССДШХЦЩЗЗЩЦХШШХЦЩЩЦХШШХЦЩЗЗЩЦХША+ДССДШХЦЦЦЩЗССССЗЩЩЦЩЗССССЗЩЦЦЩЗССЗЩЦЦЩЗССССЗЩЦЦЩЗССЗЩЦХШШХЦШЗСТ
6	3	3	НОМЛКГ+КЛЖССССТ
6	4	1	НОФХШККШЛЦЩЗЗЩЦХШШХЦЩЗССЗЗССЗЩЦХХЦЩЗССССЗЩЦХХЦЩЗССЗЩЦХШШХЦЩЗССЗЩЦХШДССДШХЦЩЗССЗЩЦХХЦЩЗССЗЩЦХШШХЦЩЗССЗЩЦХШШХЦЩЗССЗЩЦХШШХЦЩЗССЗЩЦХХЦЩЗСТ
6	4	2	ПОИКА+ДССССДШХЦЩЗССЗЩЦХШДССДШХЦЩДСССССССССР
6	4	3	НОФХША+ДДКЛЛКДССДШХЦЩГ+ЗССЗГ-ЩЦХШШХЦЩЩЦХХЦЩЗССЗЩЦХХЦЩЗССЗЩЦХШШХЦЩЩЦХШШХХШДССДШХЦЩЗССЗЩЦШШХЦЩЗССЗЩЦХШШХЦЩЗССЗЩЦХШШХЦЩЗССЗЩЦХШШХЦЩЗССЗЩЦХШДРРСДКИМЛКЩЦХШКЛЛКШХЦЩЗСТ
6	5	1	ПОООИИИИИЛЛКДДШХЦЩЩЦХШШХЦЩЩЦХШШХЦЩЩЦХШДССДШХЦЩЗССЗЩЦХХЦЩЗССЗЩЦХХЦЩЗССЗЩЦХШДССДШХЦЩЗССССССЩЦХХЦЩЗСССССССТ
6	5	2	НОФЦЩЗССЗЩЦХХЦЩЗССССССЗЩЦХШШХЦЩЗССССССССССССЗЩЦХХЦЩЗССЗЩЩЦХШШХЦЩЗССЗЩЦХХЦЩЗССССЗЩЦХХЦЩЗССССЗЩЦХХЦЩЗССССССЗЩЦХХЦЩЗСССССССССССССССССССССССССССССССССССТ
6	5	3	НОФЦЦХЩДССДШХЦЩЗССЗЩЦХХЦЦХХЦЦХХЦЦХХЦЩЗССЗЩЦХХЦЩЩЦХХЦЩЗССЗЩЦХХЦЦХШКЛЕР
6	6	1	ПОФЦЩГ+ЗССЗЩЦХХЦЩЗССССССССССЗЩЦХХЦЩЗССЗЩЦЦЩЗССЗЩЦХХЦЩЗССЗЩЦЦЩЗССЗЩЦЦЩЗССЗЩЦЦЩЗССЗЩЦХШДДШХЦЩЩЦХХЦЩЗССССССССССЗЩЦХША+ШХЦЩЗССЗЩЦХХЦЩЗССССССССЗЩЦЦЩЗССССССССССССЗЩЦХХЦЩЩЦХХЦЩЗСЖЖССТ
6	6	2	ПОИЛЕСДА+ККДСЕЛБИИИИККЛЕСДССДШХЦЩЩЦХШДДШХЦЩЗССЗЩЦХХЦЩЩЦХШДСР
6	7	1	НОИЛКШХЦЩЗССЗЩЦХШЖСР
6	7	2	ПОФЦЩЗССЗЩЦХХЦЩЗССЗЩЦХХЦЩЩЦХХЦЩЗСТ
6	7	3	ПОФЦЩКЛЛМФХХЦЩЗССССЗЩЦХХЦЩЩЦХШШХЦЩЗССССССЗЩЦЦЩЗССЗЩЦХШШХЦЩЗССССЗЩЦХХЦЩЩЦЦЩЗССЗЩЦХШШХЦЩЗССЗЩЦХХШШХЦЩЩЦХХЦЩЗССЗКЗССЗЩЦЦЩЗЗЩЦЩЩЦХШШХЦЩЗСТ
6	7	4	НОФЦЩЗСЖЛМИКА+ДССДШХЦЦХШШХХШШХЦЩЩЦХШШХЦЩЩЦХШЩА-ШХЦЩЩЦХШДСССР
6	8	1	НОММИИИИИИИИИИИИИИИИИИИИИИИИИИИИИИИИИМКЗСТТЖЛКГ-ЩЦХХЦЩЗССССССЗГ+КЛЛЛККЛЖСЗЩЦХХФООМЛЖСТ
6	8	2	ПОООМЛЖТ
6	8	3	НОООООООООМЛЛКЗЗЩЦЦЩЗЗГ-ЗССЗКЛЛКЩЦЦЩЗЗЩЦЦЩЗССЗЩЩЗССССССССССЗЩЦХШДДШХЦЩЩЦХШШХЦЩЗССЗЩЦХШШХЦЩЩЦХШШХЦЩЩЦХШШХЦЩЗССЗЩЦХШШХШЩЩЦХХЦЩЗСССССТ
6	8	4	НОФФФХХФООМКЩЩЦЦЩЩЦЦЩЗССССЗЗССЗЩЦХШДДШХЦЩЗССЗЗСТ
6	9	1	НОФХШДДШХЦЩЗЗЩЦЦЩГ+Г-ЩЦХШДССДА+ШХЦЩЩЦХШДДШХЦЩЗЗЩЦХШЩЦХШКЛДССДШХЦЩЗССЗЩЦХШДССДШХЦЩЗССЗЩЦХШДССССДШХЦЩЗССЗЩЦХШДССДЩХЦЩЗССЗЩЦХШЩЦХШДССДШХЦЩЩЦХШДССДШХЦЩЩЦХШДССССССДДСС
6	9	2	НОФХШККДСССР
6	9	3	НОИЛЛКА+ДССДККШХХШДСССССР
6	10	1	ПОИЛЕССЕЛЛЕССР
6	10	2	ПОМЛЛКЗССЗЩЦЦЩЩЦЦЩЩЦХШШХЦЩЗЗГ+ЗЗЩЩЗССЗЗССЗЩЦХШШХЦЩЩЦХШЗСССССССССТ
6	10	3	ПОИИИКДСР
6	10	4	НОФХША+ККДССДА-КИИИИИИИФЦЩГ+ЗЗККЗССЗЩЦХШШХЦЩЗЗЩЦЦЩЗСТ
6	11	1	НОИКА+ШШШХХШДСССЕЛКШХЦЩЗСЖЛЛВЖСЗЗСЖЛЛЖСЗГ+КЛЖСЗЩЦХШДССДШХЦЩЗССЗЩЦХШКЛБЛИИИООИИИИИИИЛЕР
6	11	2	ПОМЛЛЛЛМИКДСР
6	11	3	НОФЦЩЗССЗГ+КЛЖССТ
6	12	1	НОФХХХШДССДШХЦЩЗЗЩЦЦЦХША+ШХЦЦХХЦЩГ+ЩЦЦЩГ-ЩЦХШДСССЕБЕССССССР
6	12	2	НОФХШДСЕЛИИКДДШХЦЦХШДССДШХЦЩЗССЗЩЦХШДССДШХХШДСССРРСДШХЦЩЗССЗЩЦХШДССДШХЦЩЗССЗЩЦХШДССДШХЦЩЗСССССССТ
6	12	3	ПОФХХЦЩГ+ЗЗКЛЛКГ-ЩЦХХЦЩКЛЖСЗКЛЖЖЛЛЛКЩЦХША+ККДДШХХШДСЕЛКДССДА-ШХХШККДСЕЛКШХЦЩККЩЦХХХХХХФФЦЩКЛЖТТСЗКККЛЖТТССТ
6	13	1	НУОМЛЛКГ+ККЩЦХША+ШХХХЦЦХША-ДССДШХЦЩГ-ЩЦХШШХЦЩКЛЖСЗГ-ЗСЖВЛКГ-ЗСТ
6	13	2	НОИКШХЦЩГ+ЩЩХХЦЩЩЦХША+ШХХША-ККШХЦЦХША-ДСЕБЛКА-А-ДССДА-А-А-ДССДШХЦЩГ-Г-ЩЦХША-ДСЕБЛИООФЦЩГ-КЛЖТТСЗКЛЖТ
6	14	1	НОМЛВЖТТСЗГ+КММКГ-Г-ЗССЗГ-КЛЛКЩЩГ-ЗСТ
6	14	2	НОФЦЩЩЦХШДДШХЦЩКЛЖСЗГ+ЩЦХШКЛЕСДА+ШХХШДСРРСДШХЦЩЩЦХША-ДДА-ШХЦЩЗССЗЩЦХШДДШХХША-ДДШХЦЩЗСССТ
6	15	1	НОФФИИИИИИООООООМКГ+ЗССЗЩЩКЛЖТ
6	15	2	НОФЦЩГ+ЩЦФФЦЩГ-ЩЦФООМЛЖСССЗКЛЖТ
6	16	1	НОФЦЩГ+КККМООМКЩЦХШММММММММММЛЖЖЛККМООМКЗСССТ
6	16	2	НОФФМКГ+ЩЦЦЩККЩЦХША+ШХЦЩЗССЗЩЦХШДССДА-ШХЦЩГ-Г-Г-ЗССЗЩЦХШДСРРСССДШХХШДССДШХЦЩГ-ЗССЗЩЦЦЩЗССЗЩЦХШДДШХЦЩЗСЖЖТ
6	17	1	НОФЦЩГ+Г-ЗССЗГ-ЩЦХША+ДСЕБЛИМКГ-Г-ЩЦЦЩЗСЖЛЛЖСЗГ-КЛЖТТСЗЩЦХШКЛЕСДШХХШДССДШХЦЩЗССЗЩЦХШДСЕЛИИЛЛКДСССЕЛИФЦЩГ-КЛЛМИИМКЗСТТЖЛЛЖССЖЛЛЖТ
6	17	2	НОФФМКГ+Г-ЗСЖЛЛЖСЗЩЦХША-А+ШХФИЛККЛЛКДССДА-ШХЦЩЗСЖЖЛКЩЦХШКЛЕЕЛИМКЗЗЩЦХШДСЕЛИФЦЩКЛЖСЗЩЦХШКЛЛИМКЗСССТ
6	18	1	ПОФЦЩЗССЗЩЦХША+А-КИМКЩЦХШДСССЕЛИООООИИООИИИЛЕР
6	18	2	ПОФХША+ДСЕЛККИМККЛЖСЗЩЦХШДДШХЦЩЗСЖЛМООФХШКЛЛИООИККЛЛИМККЛЛКЩЦЦЩЗСТ
6	19	1	НОФФМКГ+ЩЦХША+ККДСЕЛКЩЦЦЩКЛЛККЛЖТ
6	19	2	НОФФООИКА+ШХЦЩГ+ЗССЗЩЦХШДСССЕЛИООМКЩЦХШККШХФФЦЩКЛЖТ
6	19	3	НОФЦЩКЛЖЖЛКЩЦХША+ШХХШДССДШХХША-КЛЕСДШХЦЩККГ-ЗСЖЛЛЖТ
6	19	4	НОФЦЩГ+КЛЛМИЛБЛКШХЦЩКМИКДОА+ШХЦЩЗССЗГ-КЛММКЗСЖВЛМООМККМИИККИМЛЖТ
6	20	1	НОФЦЩЗСЖЛКГ+ЗССЗЩЦХША+ШХЦЩЗСЖЛКЩЦХША+ШХЦЩЗССЗКЛЖТ
6	20	2	ПОФХШДССДА+ККШХХШДССДШХЦЩГ+ККЩЦХШДССДШХЦЩЗССЗЩЦХШДСР
6	20	3	НОФЦЩКЛЖТ
6	20	4	НОФФФФИККЛЕСДА-ДССДШХЦЩЗССЗЩЦХША+ШХЦЦХШДСРРЕЛКШХЦЩГ+ЩЦХШДССДА-ШХЦЩГ+КЛЖСЗЩЦХШДССДШХЦЩЗСТ
6	20	5	НОИККЛЛКККДССДА+КИФЦЦЦЩГ+ЩЦЦЩЗСЖЛМИЛЕР
6	21	1	НОФХШККШХЦЩЗССЗККЩЦФООФФООМЛЛКГ+ЗСЖЛЛВВЛКЩЦХА+ДССДКЛЕР
6	21	2	ПОФФООФФФЦЩКЛЛКЩЦХШКИМЛЖССЖЛМИА+ККШХЦЩЩЦЦЩГ+КЛЖТ
6	21	3	ПОИИМЛЖССТ
6	22	1	ПОФЦЩКЛЛМФЦЩЗСТ
6	22	2	НОМЛЖЖЛКЩЦХША+КИИКДССДККШХЦЦХШКИМЛЖСЗГ+ЩЦХША-КИФФМКЗСТ
6	22	3	НОФФМЛЛКЗТ
6	22	4	НОФХШДСЕЛКШХЦЩККГ+ЗССЗЩЦХША+ШХЦЩКЛЛККЛЖТ
6	22	5	НОООМКЩЦХХЦЩЩЦХШДСЕЛИМКЗСТ
6	22	6	НОФЩЦХШДДШХЦЩКЛЖСЗЗЗЩЦХШДДШХЦЩКЛЖСЗЩЦХШДССДШХЦЩЗССЗЗСТ
6	22	7	ПОМКЩЦХШККДДШХЦЩЗССЗГ+ЩЦЦЩЗСТТСЗЗССССЗЩЦЦЩЗССЗЩЦХШДДШХЦЩКЛЛККЩЦХШДССДШХХШДСССЕЛИМКККЩЦХХЦЩКЛЛКЩЦЦЩЗСТ
6	23	1	ПОФЦЩКЛЛКГ+ЗССЗЩЦХШККШХЦЩККЗСЖЛЛККМООМЛЖССТТСЗКЛМИЛЕР
6	23	2	НОМММКККЗССЗЩЦХША+ШХЦЩКМИИИИМКЩЩЗССЗЩЦХШКИМКЛЖТ
6	24	1	НОФФМККМИККККИИКДССДА+ККДДШХЦЩКЛЖТ
6	24	2	НОФФОМКГ+ЩЦХХЦЩККЗССЗККЩЦЦЩККЗССЗЩЦХША+ДСР
6	24	3	НОФФФЦЩКЛЛКККЩЦХША+ШХЦЩККЩЦЦЩКЛЖТ
